# Capacity measurement with mega8-1, C_H_KORR=5, COMP_SLEW1=0
# 1=printed, 2=Peaktech, 3=LCR,  4=mega8-1, 5=mega8-2, 6=mega8-3, 7=m8A-4,  8=m8A-5,  9=m8A-6,  10=m8L-7, 11=m8L-8, 12=m8L-9
32e-12      34e-12      34e-12    34e-12    34e-12    32e-12      33e-12    34e-12    34e-12    34e-12    34e-12    34e-12
56e-12      58e-12      57e-12    56e-12    56e-12    54e-12      55e-12    57e-12    57e-12    55e-12    55e-12    56e-12
100e-12     103e-12     103e-12   103e-12   103e-12    99e-12     101e-12   104e-12   104e-12   102e-12   101e-12   103e-12
220e-12     228e-12     226e-12   228e-12   228e-12   220e-12     223e-12   228e-12   228e-12   224e-12   222e-12   227e-12
410e-12     402e-12     393e-12   394e-12   394e-12   382e-12     386e-12   394e-12   392e-12   389e-12   384e-12   391e-12
560e-12     550e-12     559e-12   561e-12   561e-12   544e-12     550e-12   562e-12   562e-12   553e-12   548e-12   558e-12
715e-12     727e-12     720e-12   729e-12   728e-12   707e-12     714e-12   729e-12   728e-12   718e-12   711e-12   724e-12
1000e-12    1014e-12    1004e-12  1015e-12  1016e-12   986e-12     996e-12  1017e-12  1017e-12   999e-12   992e-12  1010e-12
1800e-12    1.85e-9     1814e-12  1828e-12  1829e-12  1776e-12    1792e-12  1830e-12  1830e-12  1798e-12  1786e-12  1818e-12
2.7e-9      2.73e-9     2701e-12  2735e-12  2735e-12  2655e-12    2681e-12  2737e-12  2732e-12  2692e-12  2670e-12  2719e-12
3.3e-9      3.32e-9     3.205e-9  3265e-12  3265e-12  3165e-12    3204e-12  3267e-12  3265e-12  3212e-12  3191e-12  3246e-12
7870e-12    7.94e-9     7880e-12  7999e-12  7990e-12  7763e-12    7837e-12  7983e-12  7975e-12  7856e-12  7794e-12  7932e-12
10e-9       10.10e-9    10.012e-9 10.15e-9  10.14e-9  9849e-12    9949e-12  10.14e-9  10.15e-9  9970e-12  9903e-12  10.08e-9
18e-9       18.57e-9    18.42e-9  18.72e-9  18.73e-9  18.17e-9    18.35e-9  18.71e-9  18.70e-9  18.47e-9  18.30e-9  18.57e-9
33e-9       33.21e-9    32.96e-9  33.12e-9  33.14e-9  32.16e-9    32.46e-9  33.14e-9  33.11e-9  32.59e-9  32.33e-9  32.91e-9
56e-9       56.4e-9     55.89e-9  56.00e-9  56.09e-9  54.39e-9    54.95e-9  56.06e-9  56.02e-9  55.11e-9  54.68e-9  55.61e-9
100e-9      102.2e-9    101.26e-9 102.6e-9  102.6e-9  99.52e-9    100.5e-9  102.5e-9  102.5e-9  100.8e-9  100.1e-9  101.8e-9
330e-9      336.9e-9    333.2e-9  335.1e-9  335.1e-9  325.4e-9    328.6e-9  335.2e-9  335.0e-9  329.4e-9  327.2e-9  333.0e-9
660e-9      675e-9      669e-9    672.3e-9  672.4e-9  652.8e-9    659.8e-9  673.0e-9  672.8e-9  662.0e-9  656.8e-9  668.4e-9
1e-6        1066e-9     1054e-9   1067e-9   1068e-9   1036e-9     1046e-9   1067e-9   1067e-9   1049e-9   1041e-9   1060e-9
2.2e-6      2.198e-6    2.175e-6  2203e-9   2202e-9   2140e-9     2160e-9   2203e-9   2201e-9   2166e-9   2150e-9   2186e-9
4.4e-6      4.23e-6     4.189e-6  4.249e-6  4.248e-6  4126e-9     4169e-9   4251e-9   4248e-9   4178e-9   4145e-9   4215e-9
#                          Diode
# 1=printed, 2=Peaktech, 3=LCR,  4=mega8-1, 5=mega8-2, 6=mega8-3, 7=m8A-4,  8=m8A-5,  9=m8A-6,  10=m8L-7, 11=m8L-8, 12=m8L-9
11e-6       10.77e-6    10.64e-6  10.82e-6  10.81e-6  10.50e-6    10.61e-6  10.82e-6  10.82e-6  10.63e-6  10.55e-6  10.73e-6
22e-6       21.94e-6    21.65e-6  22.18e-6  22.16e-6  21.54e-6    21.79e-6  22.18e-6  22.17e-6  21.80e-6  21.61e-6  21.97e-6
44e-6       46.9e-6     46.60e-6  47.12e-6  46.98e-6  46.90e-6    47.20e-6  47.20e-6  47.20e-6  47.20e-6  47.12e-6  47.16e-6
68e-6       67.9e-6     63.70e-6  66.37e-6  65.66e-6  65.98e-6    66.29e-6  66.06e-6  66.53e-6  66.06e-6  66.29e-6  66.13e-6
66e-6       70.9e-6     70.44e-6  71.57e-6  70.96e-6  70.96e-6    71.40e-6  71.57e-6  71.57e-6  71.57e-6  71.49e-6  71.57e-6
88e-6       92.7e-6     92.11e-6  94.27e-6  92.60e-6  93.39e-6    94.12e-6  93.39e-6  94.12e-6  93.68e-6  94.12e-6  94.12e-6
110e-6      117.8e-6    117.0e-6  119.8e-6  118.4e-6  119.5e-6    119.5e-6  119.5e-6  119.5e-6  119.5e-6  119.5e-6  119.5e-6
132e-6      139.5e-6    138.8e-6  142.7e-6  140.7e-6  141.7e-6    142.3e-6  142.3e-6  142.3e-6  142.3e-6  142.3e-6  142.3e-6
150e-6      148.5e-6    137.67e-6 142.3e-6  141.4e-6  142.0e-6    142.9e-6  141.4e-6  142.7e-6  141.7e-6  142.0e-6  142.3e-6
200e-6      199.4e-6    191.8e-6  198.3e-6  196.5e-6  199.5e-6    201.4e-6  201.4e-6  200.8e-6  201.4e-6  198.9e-6  202.0e-6
470e-6      445e-6      428e-6    458.0e-6  459.1e-6  459.1e-6    463.5e-6  461.3e-6  461.3e-6  462.4e-6  463.5e-6  462.4e-6
1000e-6     996e-6      961.7e-6  1001e-6   1004e-6   1016e-6     1013e-6   1019e-6  1025e-6    1019e-6   1007e-6   1019e-6
2200e-6     2.20e-3     2.10e-3   2262e-6   2270e-6   2262e-6     2285e-6   2285e-6   2309e-6   2285e-6   2285e-6   2285e-6
4700e-6     4.75e-3     4.62e-3   5023e-6   5023e-6   5023e-6     5023e-6   5007e-6   5023e-6   5023e-6   5023e-6   5056e-6
10e-3       9.76e-3     9.59e-3   10.26e-3  10.26e-3  10.30e-3    10.31e-3  10.30e-3  10.26e-3  10.26e-3  10.26e-3  10.30e-3
20e-3       19.65e-3    18.94e-3  20.59e-3  20.53e-3  20.53e-3    20.81e-3  20.53e-3  20.95e-3  20.81e-3  20.88e-3  20.59e-3
40e-3       38.65e-3    38.65e-3  41.14e-3  41.01e-3  40.84e-3    41.10e-3  41.10e-3  40.84e-3  41.10e-3  40.84e-3  41.27e-3
#                                  1.12k     1.12k     1.12k       1.12k     1.12k     1.12k     1.12k     1.12k     1.12k




