#1.12k  Assembler with 2us pulse
#Nennw C_LCR     ESR_LCR   |Vanvell       | wei_sti     | 2x16-1       | 2x16-2       | 2x16-3       | 2x16-4       | st7565_kit-1 | st7565_kit-2 | GM328Rkit    | fish8840
#               10k   100k |   5       6  |  7       8  |   9      10  |  11      12  |  13      14  |  15      16  |  17      18  |  19      20  |  21      22  |  23      24
#22nF                      |              |             |              |              |              |              |              |              |              |
#22e-9  21.62e-9 7.11  1.24   21.73e-9 2.4  21.69e-9 2.1   21.87e-9 2.0   21.74e-9 2.5   21.78e-9 2.1   21.79e-9 2.2   21.99e-9 2.2   21.76e-9 2.3   21.74e-9 2.5   21.74e-9 2.1
#44nF 2x                   |              |             |              |              |              |              |              |              |              |
#44e-9  43.04e-9 3.57  0.62   43.28e-9 1.4  43.22e-9 1.2   43.53e-9 1.1   43.29e-9 1.3   43.40e-9 1.2   43.41e-9 1.2   43.75e-9 1.2   43.32e-9 1.3   43.53e-9 1.4   43.34e-9 1.1
#               10k   100k |   5       6  |  7       8  |   9      10  |  11      12  |  13      14  |  15      16  |  17      18  |  19      20  |  21      22  |  23      24
#22nF WIMA-MKP             |              |             |              |              |              |              |              |              |              |
#22e-9  22.45e-9 0.12  0.09   22.24e-9 .33  22.21e-9 .02   22.37e-9 .08   22.27e-9 .40   22.31e-9 .01   22.38e-9 .15   22.52e-9 .14   22.28e-9 .30   22.38e-9 .50   22.25e-9 .00
#44nF WIMA-MKP 2x          |              |             |              |              |              |              |              |              |              |
#44e-9  45.12e-9 0.18  0.03   44.73e-9 .35  44.67e-9 .08   45.03e-9 .05   45.73e-9 .25   44.86e-9 .05   44.86e-9 .16   44.26e-9 .17   44.79e-9 .22   44.99e-9 .34   44.79e-9 .05
#               10k   100k |   5       6  |  7       8  |   9      10  |  11      12  |  13      14  |  15      16  |  17      18  |  19      20  |  21      22  |  23      24
#33nF gelb                 |              |             |              |              |              |              |              |              |              |
#33e-9  33.12e-9 2.89  0.56   33.18e-9 1.3  33.03e-9 1.1   33.33e-9 .95   33.13e-9 1.3   33.21e-9 1.0   33.24e-9 1.2   33.53e-9 1.4   33.10e-9 1.2   33.32-9  1.4   33.13e-9 1.0
#66nF gelb 2x              |              |             |              |              |              |              |              |              |              |
#66e-9  67.27e-9 1.47  0.28   67.33e-9 .60  67.06e-9 .51   67.61e-9 .46   68.27e-9 .59   67.44e-9 .47   67.47e-9 .53   68.00e-9 .73   67.20e-9 .59   67.67-9  .69   67.36e-9 .46
#               10k   100k |   5       6  |  7       8  |   9      10  |  11      12  |  13      14  |  15      16  |  17      18  |  19      20  |  21      22  |  23      24
#23nF ker 0.5              |              |             |              |              |              |              |              |              |              |
23e-9  22.26e-9 7.30  0.85   22.02e-9 2.4  21.97e-9 1.9   22.15e-9 2.0   22.12e-9 2.5   22.05e-9 2.2   22.05e-9 2.3   22.25e-9 2.3   22.02e-9 2.3   22.15e-9 2.5   22.06e-9 2.1
#47nF ker                  |              |             |              |              |              |              |              |              |              |
47e-9  46.47e-9 4.34  0.44   46.40e-9 1.3  46.30e-9 1.1   46.87e-9 1.1   46.88e-9 1.3   46.91e-9 1.1   46.99e-9 1.2   47.08e-9 1.2   46.11e-9 1.3   46.80e-9 1.3   46.24e-9 1.1
#94nF ker 2x               |              |             |              |              |              |              |              |              |              |
94e-9  86.46e-9 2.04  0.21   91.29e-9 .60  91.00e-9 .51   91.70e-9 .45   91.97e-9 .58   91.43e-9 .57   91.34e-9 .54   91.77e-9 .54   90.90e-9 .58   91.58e-9 .63   91.14e-9 .49
#               10k   100k |   5       6  |  7       8  |   9      10  |  11      12  |  13      14  |  15      16  |  17      18  |  19      20  |  21      22  |  23      24
#23nF 0.5                  |              |             |              |              |              |              |              |              |              |
#23e-9  23.15e-9 0.64  0.25   23.00e-9 .53  22.94e-9 .23   23.12e-9 .37   23.00e-9 .57   23.05e-9 .35   23.06e-9 .52   23.25e-9 .55   23.03e-9 .65   23.16e-9 .80   23.00e-9 .36
#47nF                      |              |             |              |              |              |              |              |              |              |
#47e-9  46.63e-9 0.24  0.12   46.44e-9 .40  46.35e-9 .24   46.68e-9 .22   46.44e-9 .39   46.56e-9 .20   46.55e-9 .28   46.99e-9 .33   46.53e-9 .33   46.74e-9 .49   46.52e-9 .23
#94nF 2x                   |              |             |              |              |              |              |              |              |              |
#94e-9  92.52e-9 0.16  0.06   92.00e-9 .18  91.82e-9 .10   92.50e-9 .09   92.05e-9 .17   92.23e-9 .07   92.20e-9 .18   93.05e-9 .14   92.14e-9 .20   92.59e-9 .20   92.14e-9 .11
#Nennw C_LCR     ESR_LCR   |Vanvell       | wei_sti     | 2x16-1       | 2x16-2       | 2x16-3       | 2x16-4       | st7565_kit-1 | st7565_kit-2 | GM328Rkit    | fish8840
#               10k   100k |   5       6  |  7       8  |   9      10  |  11      12  |  13      14  |  15      16  |  17      18  |  19      20  |  21      22  |  23      24
#34nF 0.5                  |              |             |              |              |              |              |              |              |              |
34e-9  33.23e-9 4.29  0.80   33.40e-9 1.6  33.31e-9 1.4   33.56e-9 1.4   33.40e-9 1.7   33.45e-9 1.4   33.50e-9 1.5   33.80e-9 1.5   33.44e-9 1.6   33.60e-9 1.7   33.42e-9 1.4
#68nF                      |              |             |              |              |              |              |              |              |              |
68e-9  66.62e-9 2.16  0.39   67.02e-9 .78  66.85e-9 .68   67.37e-9 .65   67.00e-9 .79   67.17e-9 .67   67.15e-9 .73   67.75e-9 .73   67.10e-9 .79   67.38e-9 .82   67.08e-9 .67
#136nF 2x                  |              |             |              |              |              |              |              |              |              |
136e-9 132.8e-9 1.16  0.20   133.6e-9 .38  133.4e-9 .33   134.4e-9 .31   133.8e-9 .40   134.1e-9 .34   134.0e-9 .36   135.2e-9 .37   133.9e-9 .39   134.5e-9 .40   133.9e-9 .33
#               10k   100k |   5       6  |  7       8  |   9      10  |  11      12  |  13      14  |  15      16  |  17      18  |  19      20  |  21      22  |  23      24
#50nF 0.5                  |              |             |              |              |              |              |              |              |              |
#50e-9  49.72e-9 3.00  0.60   50.06e-9 1.1  49.91e-9 1.1   50.33e-9 .95   50.05e-9 1.3   50.02e-9 .99   50.09e-9 1.1   50.60e-9 1.1   50.05e-9 1.1   50.33e-9 1.3   50.02e-9 1.0
#100nF                     |              |             |              |              |              |              |              |              |              |
#100e-9 100.4e-9 1.56  0.29   101.0e-9 .53  100.8e-9 .48   101.6e-9 .46   101.2e-9 .57   101.3e-9 .48   101.2e-9 .51   102.2e-9 .54   100.9e-9 .56   101.6e-9 .66   101.2e-9 .48
#200nF 2x                  |              |             |              |              |              |              |              |              |              |
#200e-9 198.9e-9 0.83  0.14   200.3e-9 .26  200.0e-9 .24   201.4e-9 .22   200.3e-9 .23   200.9e-9 .20   200.6e-9 .23   202.6e-9 .26   200.2e-9 .26   201.4e-9 .28   200.6e-9 .23
# ---------     10k   100k |              |             |              |              |              |              |              |              |              |
#330nF                     |              |             |              |              |              |              |              |              |              |
330e-9 330.0e-9 1.34  1.06   332.1e-9 1.1  331.2e-9 1.2   333.9e-9 1.1   332.1e-9 1.1   332.9e-9 1.1   332.9e-9 1.1   336.0e-9 1.1   332.5e-9 1.2   333.9e-9 1.2   332.5e-9 1.1
#Nennw C_LCR     ESR_LCR   |Vanvell       | wei_sti     | 2x16-1       | 2x16-2       | 2x16-3       | 2x16-4       | st7565_kit-1 | st7565_kit-2 | GM328Rkit    | fish8840
#               10k   100k |   5       6  |  7       8  |   9      10  |  11      12  |  13      14  |  15      16  |  17      18  |  19      20  |  21      22  |  23      24
# 0.47uF Elko              |              |             |              |              |              |              |              |              |              |
470e-9 472.3e-9 4.37  2.49   485.0e-9 2.6  485.0e-9 2.6   487.4e-9 2.6   485.1e-9 2.6   486.2e-9 2.6   486.2e-9 2.6   491.3e-9 2.7   486.0e-9 2.7   487.4e-9 2.7   485.3e-9 2.7
#               10k   100k |   5       6  |  7       8  |   9      10  |  11      12  |  13      14  |  15      16  |  17      18  |  19      20  |  21      22  |  23      24
# 0.47uF Kerko             |              |             |              |              |              |              |              |              |              |
#470e-9 487.3e-9 0.57  0.07   491.4e-9 .23  489.3e-9 .15   492.9e-9 .12   490.6e-9 .10   492.0e-9 .15   492.6e-9 .14   496.2e-9 .14   490.8e-9 .15   493.7e-9 .18   491.4e-9 .14
# 0.47uF gelb              |              |             |              |              |              |              |              |              |              |
#470e-9 486.4e-9 0.06  0.02   484.4e-9 .06  483.5e-9 .06   486.6e-9 .02   484.3e-9 .00   485.2e-9 .00   485.4e-9 .02   489.6e-9 .04   484.5e-9 .04   486.6e-9 .05   484.8e-9 .03
#               10k   100k |   5       6  |  7       8  |   9      10  |  11      12  |  13      14  |  15      16  |  17      18  |  19      20  |  21      22  |  23      24
# 0.68uF WIMA MKS          |              |             |              |              |              |              |              |              |              |
#680e-9 618.4e-9 0.28  0.06   616.1e-9 .11  614.5e-9 .09   619.3e-9 .05   615.9e-9 .01   617.7e-9 .08   617.4e-9 .07   623.2e-9 .07   616.7e-9 .12   619.8e-9 .10   616.0e-9 .05
#               10k   100k |   5       6  |  7       8  |   9      10  |  11      12  |  13      14  |  15      16  |  17      18  |  19      20  |  21      22  |  23      24
# 1uF Elko FC              |              |             |              |              |              |              |              |              |              |
1e-6   1018e-9  1.75  1.27    1013e-9 1.4   1012e-9 1.4    1016e-9 1.3    1011e-9 1.3    1013e-9 1.4    1017e-9 1.4    1026e-9 1.4    1015e-9 1.4    1021e-9 1.4    1012e-9 1.4
#               10k   100k |   5       6  |  7       8  |   9      10  |  11      12  |  13      14  |  15      16  |  17      18  |  19      20  |  21      22  |  23      24
# 1uF 160V                 |              |             |              |              |              |              |              |              |              |
#1e-6   954.8e-9 0.56  0.46   950.5e-9 .51  947.5e-9 .50   954.5e-9 .44   950.1e-9 .44   952.3e-9 .49   952.0e-9 .49   960.9e-9 .45   950.7e-9 .51   955.5e-9 .44   950.3e-9 .44
#               10k   100k |   5       6  |  7       8  |   9      10  |  11      12  |  13      14  |  15      16  |  17      18  |  19      20  |  21      22  |  23      24
# 2.2uF Elko YAGEO         |              |             |              |              |              |              |              |              |              |
2.2e-6 1942e-9  1.67  1.29    1974e-9 1.5   1970e-9 1.5    1981e-9 1.5    1957e-9 1.4    1975e-9 1.5    1977e-9 1.5    1995e-9 1.5    1974e-9 1.5    1987e-9 1.4    1976e-9 1.5
#               10k   100k |   5       6  |  7       8  |   9      10  |  11      12  |  13      14  |  15      16  |  17      18  |  19      20  |  21      22  |  23      24
# 2.2uF 100V gelb          |              |             |              |              |              |              |              |              |              |
#2.2e-6 2175e-9 0.07  0.02     2162e-9 .04   2156e-9 .04    2178e-9 .00    2160e-9 .00    2165e-9 .02    2164e-9 .05    2186e-9 .03    2163e-9 .06    2172e-9 .00    2160e-9 .00
