#with AUTO_CAL , AUTOSCALE_ADC, REF_R_KORR=3 ++++++++++++++++++++++++++++++++++++++++++++++++++++++++++++++++++++++++++++++++++++++++++++
#R      m168-1  m168-2  m168-3   m168A-4  m168A-5  m168A-6   m168P-7  m168P-8  m168P-9   m328-10 m328-11 m238-12  m328P-13 m328P-14 m328P-15
1       1.1     1.0     1.1      1.2      1.2      1.2       1.1      1.2      1.2      1.2      1.1      1.1      1.1      1.0      1.1
1.5     1.6     1.6     1.6      1.6      1.7      1.6       1.7      1.7      1.6      1.7      1.5      1.5      1.6      1.6      1.7
2.2     2.3     2.3     2.3      2.3      2.3      2.3       2.4      2.4      2.2      2.4      2.3      2.2      2.2      2.3      2.3
3.3     3.3     3.3     3.3      3.4      3.4      3.5       3.4      3.4      3.4      3.5      3.4      3.4      3.3      3.3      3.4
5       5.1     5.2     5.1      5.1      5.1      5.1       5.1      5.1      5.1      5.2      5.1      5.1      5.1      5.1      5.1
6.8     6.9     6.9     6.9      6.8      6.9      6.8       6.9      6.9      6.9      6.9      6.8      6.8      6.9      6.9      6.9
10      10.0    10.1    10.0     10.0     10.0     10.2      10.0     10.0     10.0     10.1     10.1     10.2     10.0     10.0     10.0
13.6    13.6    13.6    13.6     13.6     13.6     13.7      13.6     13.6     13.6     13.6     13.6     13.6     13.5     13.6     13.6
20      20.0    20.0    20.0     20.1     20.1     20.2      20.0     20.0     20.0     20.0     20.1     20.1     19.9     20.0     19.8
30      30.1    30.0    30.0     30.0     30.0     30.0      30.0     30.0     29.9     30.1     30.0     30.0     29.9     30.0     29.8
60      60.2    59.9    59.9     59.8     59.8     60.0      59.7     59.7     59.8     59.8     59.9     59.6     59.9     59.9     59.7
120     120.1   119.5   119.6    119.6    119.4    120.0     119.2    119.8    119.3    119.6    119.4    119.3    119.3    119.5    119.2
240     239.5   239.4   239.3    239.4    239.8    239.2     238.7    239.4    238.9    239.0    239.1    239.0    239.4    240.1    239.3
340     339.9   339.1   338.7    339.5    339.7    338.7     338.2    339.2    339.1    339.9    339.0    338.9    338.9    340.0    339.6
680     680.3   680.5   679.8    679.9    678.8    679.2     678.8    679.0    678.7    679.1    680.0    678.9    678.6    680.6    679.2
1360    1364    1365    1361     1360     1361     1360      1360     1360     1360     1362     1360     1360     1361     1362     1365
2040    2049    2049    2043     2037     2042     2043      2042     2045     2042     2048     2042     2043     2043     2044     2050
2720    2728    2729    2729     2727     2728     2726      2719     2727     2727     2733     2727     2727     2728     2730     2732
3900    3906    3918    3914     3915     3928     3896      3900     3906     3906     3918     3920     3921     3924     3923     3930
7800    7785    7835    7819     7827     7847     7795      7787     7808     7799     7828     7837     7834     7856     7823     7867
11e3    11000   11060   11020    11030    11030    11000     10970    11000    11010    11050    11040    11050    11050    11040    11090
15600   15590   15680   15620    15610    15650    15550     15530    15610    15590    15690    15690    15680    15740    15710    15710
22e3    22200   22110   22190    22170    22090    22230     22160    22060    22140    22190    22060    22060    22330    22150    22020
#R      m168-1  m168-2  m168-3   m168A-4  m168A-5  m168A-6   m168P-7  m168P-8  m168P-9   m328-10 m328-11 m238-12  m328P-13 m328P-14 m328P-15
44e3    44160   43840   43950    43980    43810    44040     43980    43960    43980    43940    43910    43880    44140    43850    43750
50e3    50260   49880   49990    50030    49880    50240     50060    50110    50010    50010    49960    49940    50110    49930    49820
66e3    66060   65660   65860    65790    65770    65920     65810    65880    65790    65720    65660    65660    65880    65690    65420
88e3    88020   87490   87670    87620    87310    87870     87650    87700    87640    87640    87380    87350    87650    87430    87320
100e3   100100  99730   99650    99660    99500    99980     99640    99920    99670    99700    99540    99460    99770    99420    99170
135e3   134000  134200  134400   134500   134400   134400    134200   134400   134200   134400   134000   134000   134400   134400   134400
200e3   199100  199100  199200   199400   199100   199100    199100   199100   199100   199100   198700   198600   199200   199100   199000
270e3   269000  268900  269300   269100   268900   268900    268900   268900   268900   268900   268400   268700   269300   268900   268600
470e3   470500  471300  470400   470300   470300   469800    470300   470400   470500   471200   470400   469400   469800   470300   469900
940e3   942500  942700  942500   942500   942300   942300    942200   942400   941700   942500   942400   940500   940700   941600   942400
1e6     998500  999.1e3 998.5e3  998.4e3  998400   998700    997.2e3  998.5e3  997.9e3  998.5e3  998.7e3  996.3e3  996.8e3  998.0e3  998.5e3
2e6     1994e3  2000e3  1998e3   1998e3   2002e3   1992e3    1996e3   1984e3   1998e3   1999e3   2003e3   2003e3   2007e3   2000e3   2007e3
3e6     2985e3  3000e3  2994e3   2996e3   3006e3   2988e3    2988e3   2992e3   2989e3   2996e3   3001e3   3001e3   3009e3   2995e3   3007e3
4e6     3988e3  3998e3  3993e3   3995e3   4007e3   3986e3    3981e3   3990e3   3988e3   3993e3   3998e3   4000e3   4013e3   3985e3   4009e3
5e6     4981e3  5001e3  4988e3   4998e3   5011e3   4975e3    4981e3   4983e3   4983e3   4987e3   4999e3   5002e3   5015e3   4979e3   5015e3
10e6    9.991e6 10.02e6 9.973e6  10.04e6  10.02e6  9962e3    10.01e6  10.01e6  9.991e6  10.06e6  10.07e6  10.07e6  10.09e6  10.06e6  10.08e6
20e6    19.76e6 20.11e6 19.83e6  19.96e6  20.13e6  19.96e6   19.78e6  19.86e6  19.82e6  20.07e6  20.15e6  20.18e6  20.10e6  20.07e6  20.18e6
30e6    29.63e6 29.79e6 29.56e6  29.81e6  30.05e6  29.73e6   29.20e6  29.71e6  29.56e6  29.87e6  29.84e6  30.01e6  29.81e6  29.83e6  29.92e6
50e6    48.60e6 49.17e6 48.60e6  49.03e6  49.68e6  49.08e6   47.95e6  48.81e6  48.60e6  49.87e6  49.29e6  49.47e6  50.14e6  49.60e6  49.38e6
#         -       -       -        +        +        +         -        -        -        -        -        -        -        -        -

