# ADC data from resonant circuit with 12 turn coil and 20nF capacitor
10
16
39
27
0
0
0
0
0
0
30
76
94
82
45
0
0
0
0
0
0
40
73
81
63
26
0
0
0
0
0
6
44
68
68
46
12
0
0
0
0
0
15
46
61
55
32
0
0
0
0
0
0
22
46
54
44
20
0
0
0
0
0
0
26
43
46
33
10
0
0
0
0
0
7
28
40
38
24
3
0
0
0
0
12
29
35
15
0
0
0
0
0
0
27
31
23
9
0
0
0
0
0
3
17
25
25
17
3
0
0
0
0
0
6
17
23
21
11
0
0
0
0
0
0
8
17
19
16
7
0
0
0
0
0
0
9
16
16
11
2
0
0
0
0
0
2
10
14
13
8
0
0
0
0
0
0
4
10
12
10
4
0
0
0
0
0
0
4
9
10
8
2
0
0
0
0
0
0
5
8
8
5
0
0
0
0
0
0
2
6
8
6
4
0
0
0
0
0
0
3
6
7
5
2
0
0
0
0
0
0
4
6
6
4
1
0
0
0
0
0
1
4
5
5
3
0
0
0
0
0
0
2
4
5
4
2
0
0
0
0
0
0
2
3
5
3
1
0
0
0
0
1
