# ADC data from resonant circuit with 12 turn coil and 18nF capacitor
10
20
44
29
0
0
0
0
0
0
61
103
106
73
18
0
0
0
0
0
48
92
102
76
26
0
0
0
0
0
36
82
98
78
33
0
0
0
0
0
24
72
92
80
39
0
0
0
0
0
14
62
86
80
46
0
0
0
0
0
5
52
80
78
50
5
0
0
0
0
0
42
73
77
53
12
0
0
0
0
0
33
66
74
56
19
0
0
0
0
0
25
59
70
57
24
0
0
0
0
0
17
51
66
58
29
0
0
0
0
0
9
43
62
57
33
0
0
0
0
0
2
35
57
57
36
3
0
0
0
0
0
28
51
54
38
8
0
0
0
0
0
21
45
52
40
13
0
0
0
0
0
15
40
49
40
16
0
0
0
0
0
9
34
46
40
20
0
0
0
0
0
4
28
42
40
24
0
0
0
0
0
0
24
40
40
25
2
0
0
0
0
0
19
36
38
28
7
0
0
0
0
0
15
31
37
29
10
0
0
0
0
0
10
28
35
29
13
0
0
0
0
0
7
25
33
30
16
0
0
0
0
0
3
21
31
30
18
0
0
0
0
0
0
17
28
29
19
3
0
0
0
0
0
13
1
